1       1       8
1       2       25
1       3       22
1       4       526
1       5       1296
1       6       549
1       7       197
2       3       305
2       4       2
2       5       42
2       6       7
2       7       1866
2       8       1495
2       9       380
3       1       11
3       3       1
3       4       21
3       5       1
3       6       258
3       7       228
3       8       114
3       9       144
3       10      1148
3       11      584
3       12      804
3       13      95
4       1       16
4       2       7
4       3       10
4       5       1
5       3       1
5       4       18
5       5       28
6       1       20
6       3       1
6       4       1
6       5       10
6       6       677
6       7       1007
6       8       433
6       9       160
6       10      171
6       11      166
6       12      261
7       1       21
7       2       5
7       3       1
7       4       2
7       5       2
8       1       22
8       2       1
8       3       2
8       5       1
8       6       2
8       7       728
8       8       133
8       9       601
8       10      119
8       11      77
8       12      165
8       13      189
9       1       19
9       2       2
9       6       1
9       7       1
9       8       2
10      1       342
10      2       2
10      3       90
10      4       122
10      5       118
10      6       143
10      7       446
10      8       325
10      9       210
10      10      533
10      11      391
10      12      222
10      13      81
10      14      207
10      15      93
10      16      366
10      17      512
10      18      149
10      19      58
10      20      47
10      21      104
10      22      142
10      23      109
10      24      111
10      25      1001
10      26      366
10      27      115
10      28      239
10      29      121
10      30      190
10      31      194
10      32      100
10      33      102
11      1       5
11      2       51
12      1       2
12      2       16
12      3       16
12      4       10
12      5       1
12      6       1
12      7       46
13      1       315
13      2       171
13      3       705
13      4       198
13      5       545
13      6       333
13      7       357
13      8       210
13      9       374
13      10      187
13      11      149
13      12      436
13      13      308
13      14      220
13      15      365
13      16      197
13      17      388
13      18      386
13      19      214
13      20      54
13      21      183
13      22      405
13      23      149
13      24      388
13      25      459
13      26      305
14      1       858
14      2       1440
14      3       220
14      4       97
14      5       169
14      6       135
14      7       228
14      8       142
14      9       360
14      10      149
14      11      262
14      12      239
14      13      122
14      14      242
16      1       690
16      2       1289
16      3       647
17      1       931
17      2       143
17      3       147
17      4       155
17      5       88
17      6       233
17      7       231
17      8       108
17      9       96
17      10      114
17      11      150
18      1       267
18      2       146
18      3       112
18      4       100
18      5       477
18      6       458
18      7       243
18      8       140
18      9       1038
18      10      146
18      11      213
19      1       582
19      2       403
19      3       294
19      4       327
19      5       247
19      6       211
20      1       477
20      2       215
20      3       137
20      4       283
20      5       195
21      1       1448
21      2       626
21      3       219
21      4       709
21      5       348
21      6       319
21      7       517
21      8       186
21      9       371